<?xml version="1.0"?>
<opencv_storage>
<calibration_time>"Thu May 24 12:47:44 2018"</calibration_time>
<camera_model>"DFK 72BUC02"</camera_model>
<camera_serial>"1114701894"</camera_serial>
<nr_of_frames>5</nr_of_frames>
<image_width>640</image_width>
<image_height>480</image_height>
<board_width>7</board_width>
<board_height>4</board_height>
<square_size>2.0000000949949026e-03</square_size>
<fix_aspect_ratio>1.</fix_aspect_ratio>
<!-- flags: +fix_aspectRatio +fix_principal_point +zero_tangent_dist +fix_k4 +fix_k5 -->
<flags>6158</flags>
<fisheye_model>0</fisheye_model>
<camera_matrix type_id="opencv-matrix">
  <rows>3</rows>
  <cols>3</cols>
  <dt>d</dt>
  <data>
    5.4074207688329852e+02 0. 320. 0. 5.4074207688329852e+02 240. 0. 0.
    1.</data></camera_matrix>
<distortion_coefficients type_id="opencv-matrix">
  <rows>5</rows>
  <cols>1</cols>
  <dt>d</dt>
  <data>
    1.0128950237905288e+01 -4.4338765524924824e+01 0. 0.
    -1.6448282516801733e+04</data></distortion_coefficients>
<avg_reprojection_error>4.7886195971900554e+00</avg_reprojection_error>
<per_view_reprojection_errors type_id="opencv-matrix">
  <rows>5</rows>
  <cols>1</cols>
  <dt>f</dt>
  <data>
    5.05928135e+00 4.35518312e+00 5.28144455e+00 4.69464445e+00
    4.48966503e+00</data></per_view_reprojection_errors>
<!-- a set of 6-tuples (rotation vector + translation vector) for each view -->
<extrinsic_parameters type_id="opencv-matrix">
  <rows>5</rows>
  <cols>6</cols>
  <dt>d</dt>
  <data>
    9.2783633530709689e-02 -6.5208476191779452e-01
    -4.5353002161278621e-03 -6.1080684890787165e+00
    -9.4153338909151518e+00 7.5772928409295631e+01
    2.3319146422369988e-01 -7.0617162485169449e-01
    3.6941305554444984e-02 -5.7146964042520363e+00
    -9.2712134215041928e+00 7.5215900074836924e+01
    -1.5766865884860322e-02 -6.4926021545993939e-01
    -3.7634840518041252e-02 -6.4314548765198687e+00
    -9.4608885389163859e+00 7.6348592876478705e+01
    -1.4565764960199956e-01 -7.2427185874155076e-01
    -9.7832924146420683e-02 -6.4891783793605580e+00
    -9.1535243746419148e+00 7.3263879602422989e+01
    3.6212116110123545e-02 -7.2047093078534208e-01
    -3.4364307929872155e-02 -5.9153904956213417e+00
    -9.4397942717792169e+00 7.6741920047898617e+01</data></extrinsic_parameters>
<image_points type_id="opencv-matrix">
  <rows>5</rows>
  <cols>28</cols>
  <dt>"2f"</dt>
  <data>
    2.76687653e+02 1.69925140e+02 2.87969757e+02 1.68835785e+02
    3.00621338e+02 1.69893524e+02 3.12702026e+02 1.68942322e+02
    3.25883850e+02 1.70246475e+02 3.37625000e+02 1.69089478e+02
    3.37835602e+02 1.69074158e+02 2.67682281e+02 1.83643265e+02
    2.76471802e+02 1.83504684e+02 2.88233582e+02 1.84859375e+02
    3.12557220e+02 1.85131210e+02 3.25745148e+02 1.84154755e+02
    3.38213379e+02 1.85339630e+02 3.38512268e+02 1.85337753e+02
    2.76135590e+02 1.99406494e+02 2.88126862e+02 1.98395493e+02
    2.94457855e+02 1.99153351e+02 3.13011169e+02 1.98636322e+02
    3.25647308e+02 2.00262497e+02 3.26003143e+02 2.00287582e+02
    3.38203247e+02 1.99168274e+02 2.75602203e+02 2.12853333e+02
    2.75855682e+02 2.12840881e+02 3.00534668e+02 2.13509354e+02
    3.12482208e+02 2.14931946e+02 3.25426758e+02 2.14167831e+02
    3.37835175e+02 2.15452026e+02 3.38149658e+02 2.15460297e+02
    2.76485352e+02 1.69910767e+02 2.88180450e+02 1.68831955e+02
    3.00511139e+02 1.69934692e+02 3.06998657e+02 1.69511215e+02
    3.25930450e+02 1.70260498e+02 3.37568939e+02 1.69068985e+02
    3.37788086e+02 1.69050552e+02 2.67660645e+02 1.83559219e+02
    2.88034576e+02 1.84886902e+02 3.00645294e+02 1.83740280e+02
    3.12660950e+02 1.85150467e+02 3.25565277e+02 1.84126083e+02
    3.38023773e+02 1.85392166e+02 3.38350616e+02 1.85395126e+02
    2.75960632e+02 1.99394730e+02 2.88107452e+02 1.98450317e+02
    2.94589539e+02 1.99234802e+02 3.12879120e+02 1.98695557e+02
    3.13218140e+02 1.98700577e+02 3.25655609e+02 2.00175232e+02
    3.38210632e+02 1.99273819e+02 2.67588440e+02 2.13039978e+02
    2.76096527e+02 2.12983887e+02 3.00402069e+02 2.13462250e+02
    3.12750244e+02 2.15004623e+02 3.25024811e+02 2.14088837e+02
    3.25333130e+02 2.14098587e+02 3.38344574e+02 2.15497467e+02
    2.76423950e+02 1.69935410e+02 2.76621033e+02 1.69938095e+02
    3.00581879e+02 1.69902740e+02 3.06965393e+02 1.69508194e+02
    3.25568176e+02 1.70227570e+02 3.25967041e+02 1.70247452e+02
    3.37918610e+02 1.69055099e+02 2.76280853e+02 1.83461304e+02
    2.76467804e+02 1.83469193e+02 2.88075043e+02 1.84866150e+02
    3.12686340e+02 1.85199051e+02 3.25496582e+02 1.84136948e+02
    3.38246246e+02 1.85360596e+02 3.38516449e+02 1.85358932e+02
    2.76127258e+02 1.99405319e+02 2.88031403e+02 1.98377884e+02
    3.00401642e+02 1.99834778e+02 3.12788147e+02 1.98722275e+02
    3.25660065e+02 2.00201691e+02 3.26025940e+02 2.00231827e+02
    3.38281189e+02 1.99189026e+02 2.67535034e+02 2.13033615e+02
    2.75992279e+02 2.12893707e+02 3.00489410e+02 2.13488785e+02
    3.12495605e+02 2.14926254e+02 3.25383087e+02 2.14147873e+02
    3.37933441e+02 2.15506012e+02 3.38281708e+02 2.15509537e+02
    2.76488037e+02 1.69877014e+02 2.87991211e+02 1.68894958e+02
    2.88323761e+02 1.68901657e+02 3.00745697e+02 1.69863876e+02
    3.13147461e+02 1.69004318e+02 3.26045532e+02 1.70323593e+02
    3.37903748e+02 1.69010544e+02 2.67687195e+02 1.83627914e+02
    2.76388580e+02 1.83510056e+02 2.88244415e+02 1.84815659e+02
    3.12723633e+02 1.85078262e+02 3.25740967e+02 1.84193359e+02
    3.32054016e+02 1.84794159e+02 3.38231232e+02 1.85362152e+02
    2.76006958e+02 1.99431229e+02 2.76246124e+02 1.99407440e+02
    3.00205719e+02 1.99789536e+02 3.12957672e+02 1.98696304e+02
    3.25568909e+02 2.00254959e+02 3.37903046e+02 1.99202545e+02
    3.38238525e+02 1.99215088e+02 2.75688690e+02 2.12878616e+02
    2.88353729e+02 2.14401291e+02 3.00228271e+02 2.13538132e+02
    3.12662750e+02 2.14904251e+02 3.25208374e+02 2.14113358e+02
    3.25427887e+02 2.14119812e+02 3.38256256e+02 2.15528366e+02
    2.76443726e+02 1.69890671e+02 2.88137482e+02 1.68770187e+02
    3.00557281e+02 1.69933197e+02 3.00774048e+02 1.69946091e+02
    3.25755280e+02 1.70309784e+02 3.37746857e+02 1.69069351e+02
    3.38046448e+02 1.69059494e+02 2.76162933e+02 1.83501785e+02
    2.88125824e+02 1.84867203e+02 2.88419952e+02 1.84861588e+02
    3.12772583e+02 1.85171082e+02 3.25627411e+02 1.84173981e+02
    3.38265900e+02 1.85386047e+02 3.38542847e+02 1.85385559e+02
    2.76067749e+02 1.99435303e+02 2.88376495e+02 1.98438034e+02
    3.00226563e+02 1.99815857e+02 3.13074371e+02 1.98660706e+02
    3.13382874e+02 1.98685776e+02 3.25948883e+02 2.00169617e+02
    3.38295197e+02 1.99273804e+02 2.75771057e+02 2.12868546e+02
    2.88007080e+02 2.14410233e+02 3.00556335e+02 2.13487198e+02
    3.12745392e+02 2.14992142e+02 3.25275391e+02 2.14104446e+02
    3.37970093e+02 2.15551865e+02 3.38321503e+02 2.15556122e+02</data></image_points>
</opencv_storage>
