%YAML:1.0
---
calibration_time: "Sat May 19 16:15:38 2018"
nframes: 10
image_width: 640
image_height: 480
board_width: 7
board_height: 4
square_size: 9.9999997764825821e-03
aspectRatio: 1.
# flags: +fix_aspectRatio
flags: 2
camera_matrix: !!opencv-matrix
   rows: 3
   cols: 3
   dt: d
   data: [ 1.6294600473224136e+03, 0., 3.1680843185495075e+02, 0.,
       1.6294600473224136e+03, 1.9946324509656822e+02, 0., 0., 1. ]
distortion_coefficients: !!opencv-matrix
   rows: 5
   cols: 1
   dt: d
   data: [ -5.1271371965953605e-01, 7.4924887009148158e+00,
       1.8831084953964204e-03, 3.0548916930308550e-03,
       3.6605107577884871e-01 ]
avg_reprojection_error: 5.6500938936785061e-01
per_view_reprojection_errors: !!opencv-matrix
   rows: 10
   cols: 1
   dt: f
   data: [ 2.51108468e-01, 2.56352872e-01, 2.50543565e-01,
       2.78744698e-01, 4.65529323e-01, 9.59162951e-01, 8.47407937e-01,
       7.33067334e-01, 2.96113819e-01, 6.65755689e-01 ]
# a set of 6-tuples (rotation vector + translation vector) for each view
extrinsic_parameters: !!opencv-matrix
   rows: 10
   cols: 6
   dt: d
   data: [ 2.2768119400624928e-03, 4.4398450878481793e-02,
       -3.1368553714721185e-02, -2.2177334888720472e-02,
       -2.3614963929598342e-03, 2.5936211064042675e-01,
       6.9411739369239032e-03, 1.0121832201405946e-02,
       -2.8532133174222939e-02, -4.0410254480983572e-02,
       -3.1682478990328676e-03, 2.5882272027039177e-01,
       2.5457749072970645e-02, -1.5150199313957875e-02,
       -2.1389101289219403e-02, -2.7288309704976837e-02,
       -9.8102128511077750e-03, 2.3796668747739746e-01,
       1.6363460629546456e-02, 1.7620242283096898e-02,
       -2.0713700064244278e-02, -2.9743334864786999e-02,
       -1.0561172265722306e-02, 2.0760402245817300e-01,
       -1.1184148410631042e-01, -2.5758176542149985e-01,
       1.7028101488891490e-02, -2.4148165150076895e-02,
       -1.3030916963899556e-02, 2.1892282454863779e-01,
       6.8121712990326166e-01, 9.9111076449645397e-02,
       1.3342829950067013e-02, -3.2197909109155008e-02,
       2.2299945402721186e-03, 2.1504593792091087e-01,
       -1.1520709105936720e-01, -7.1118944191360600e-01,
       9.2011870293259329e-02, -1.9584281246326031e-02,
       -9.6594943545486832e-03, 2.0138481520273810e-01,
       2.3869304027117077e-02, 7.6759905126867067e-01,
       -2.2022360668966226e-01, -3.6289026603141199e-02,
       -2.4949958634527900e-03, 3.0677662942722633e-01,
       7.1846005101791274e-03, 1.4500165144621471e-01,
       -2.5004779314629307e-02, -3.1318679604742716e-02,
       -1.1788589348020529e-02, 2.1247117597131054e-01,
       3.2218300257317367e-01, 4.5856249097599777e-01,
       6.1290160162854580e-02, -3.0769450757445794e-02,
       -1.4199660038853260e-02, 2.4352280119955502e-01 ]
image_points: !!opencv-matrix
   rows: 10
   cols: 28
   dt: "2f"
   data: [ 1.78373764e+02, 1.85038467e+02, 2.40346344e+02,
       1.82923080e+02, 3.02807190e+02, 1.80752243e+02, 3.65779510e+02,
       1.78628540e+02, 4.29182037e+02, 1.76772461e+02, 4.92088684e+02,
       1.74688782e+02, 5.55328491e+02, 1.73028061e+02, 1.80337906e+02,
       2.47388458e+02, 2.42307693e+02, 2.45412842e+02, 3.04758728e+02,
       2.43556351e+02, 3.67828918e+02, 2.41670776e+02, 4.30979584e+02,
       2.39575485e+02, 4.93870148e+02, 2.37777969e+02, 5.57127319e+02,
       2.35722366e+02, 1.82175308e+02, 3.09743774e+02, 2.44184677e+02,
       3.08051178e+02, 3.06833374e+02, 3.06335266e+02, 3.69730133e+02,
       3.04540588e+02, 4.32767639e+02, 3.02624298e+02, 4.95721375e+02,
       3.00585052e+02, 5.58733704e+02, 2.98806519e+02, 1.84230057e+02,
       3.71985352e+02, 2.46074692e+02, 3.70563232e+02, 3.08692139e+02,
       3.68914063e+02, 3.71525909e+02, 3.67263428e+02, 4.34495819e+02,
       3.65350433e+02, 4.97419525e+02, 3.63552673e+02, 5.60297058e+02,
       3.61258820e+02, 6.50850449e+01, 1.80045990e+02, 1.26462029e+02,
       1.78229477e+02, 1.88529526e+02, 1.76176056e+02, 2.51283997e+02,
       1.74293137e+02, 3.14349396e+02, 1.72458130e+02, 3.77333740e+02,
       1.70716660e+02, 4.40368622e+02, 1.69131378e+02, 6.66937561e+01,
       2.42317917e+02, 1.28330307e+02, 2.40489090e+02, 1.90377167e+02,
       2.38772125e+02, 2.52986282e+02, 2.37073837e+02, 3.16018738e+02,
       2.35189911e+02, 3.78736633e+02, 2.33434128e+02, 4.42024780e+02,
       2.31586807e+02, 6.85615311e+01, 3.04400879e+02, 1.30191544e+02,
       3.02855011e+02, 1.92307098e+02, 3.01342529e+02, 2.54871933e+02,
       2.99667603e+02, 3.17716248e+02, 2.97967102e+02, 3.80535126e+02,
       2.96134186e+02, 4.43596710e+02, 2.94427979e+02, 7.06083679e+01,
       3.66522461e+02, 1.32013290e+02, 3.65196289e+02, 1.94219910e+02,
       3.63687317e+02, 2.56591095e+02, 3.62239838e+02, 3.19478088e+02,
       3.60437256e+02, 3.82187561e+02, 3.58769073e+02, 4.45195038e+02,
       3.56683044e+02, 1.31396713e+02, 1.33104141e+02, 1.99027039e+02,
       1.31419815e+02, 2.67027679e+02, 1.29718277e+02, 3.35357910e+02,
       1.28260834e+02, 4.03572998e+02, 1.26940155e+02, 4.71288574e+02,
       1.25719551e+02, 5.38616150e+02, 1.24833557e+02, 1.32684097e+02,
       2.00839203e+02, 2.00375229e+02, 1.99244720e+02, 2.68490173e+02,
       1.97684708e+02, 3.36630341e+02, 1.96322998e+02, 4.04768555e+02,
       1.94736252e+02, 4.72325562e+02, 1.93463226e+02, 5.39802368e+02,
       1.92003342e+02, 1.34312881e+02, 2.68663208e+02, 2.01882919e+02,
       2.67077789e+02, 2.69982300e+02, 2.65678619e+02, 3.38014587e+02,
       2.64237885e+02, 4.06004700e+02, 2.62589081e+02, 4.73643494e+02,
       2.60984467e+02, 5.41006409e+02, 2.59559814e+02, 1.36239563e+02,
       3.36303589e+02, 2.03437088e+02, 3.34926361e+02, 2.71546722e+02,
       3.33464447e+02, 3.39499207e+02, 3.31991302e+02, 4.07436066e+02,
       3.30312286e+02, 4.74948700e+02, 3.28731110e+02, 5.42263367e+02,
       3.26670074e+02, 8.58685837e+01, 1.17863464e+02, 1.62529831e+02,
       1.15698784e+02, 2.40247192e+02, 1.13566032e+02, 3.18727631e+02,
       1.11659393e+02, 3.97567963e+02, 1.10137909e+02, 4.75838989e+02,
       1.08760002e+02, 5.54025879e+02, 1.07791458e+02, 8.72520981e+01,
       1.95265015e+02, 1.64072235e+02, 1.93461502e+02, 2.41963959e+02,
       1.91765594e+02, 3.20266235e+02, 1.90184860e+02, 3.99053284e+02,
       1.88503708e+02, 4.77292511e+02, 1.86988388e+02, 5.55584412e+02,
       1.85482086e+02, 8.88134460e+01, 2.72886139e+02, 1.65771210e+02,
       2.71454041e+02, 2.43784470e+02, 2.69836670e+02, 3.21885742e+02,
       2.68401031e+02, 4.00391846e+02, 2.66847595e+02, 4.78765198e+02,
       2.65119202e+02, 5.56767151e+02, 2.63634705e+02, 9.10025482e+01,
       3.50357635e+02, 1.67624039e+02, 3.49182068e+02, 2.45437851e+02,
       3.47977509e+02, 3.23597839e+02, 3.46597198e+02, 4.01904327e+02,
       3.44840576e+02, 4.80013641e+02, 3.43355804e+02, 5.58167603e+02,
       3.41267212e+02, 1.37968979e+02, 1.03457047e+02, 2.10603256e+02,
       1.06355484e+02, 2.82554413e+02, 1.09043015e+02, 3.52543182e+02,
       1.12230537e+02, 4.20314941e+02, 1.15921089e+02, 4.86457062e+02,
       1.19410423e+02, 5.51128113e+02, 1.23134048e+02, 1.36552826e+02,
       1.76666168e+02, 2.09335480e+02, 1.79068909e+02, 2.81642334e+02,
       1.81368942e+02, 3.52212219e+02, 1.83654633e+02, 4.20318359e+02,
       1.86245941e+02, 4.86653656e+02, 1.88869064e+02, 5.51631958e+02,
       1.91420212e+02, 1.35872391e+02, 2.50722260e+02, 2.08724594e+02,
       2.52617096e+02, 2.80872467e+02, 2.54333710e+02, 3.51684967e+02,
       2.55720825e+02, 4.20248840e+02, 2.57492157e+02, 4.87380585e+02,
       2.58794617e+02, 5.52497437e+02, 2.60510376e+02, 1.35454773e+02,
       3.25518890e+02, 2.08475235e+02, 3.26643341e+02, 2.81099731e+02,
       3.27530151e+02, 3.51929260e+02, 3.28200500e+02, 4.21106812e+02,
       3.28797638e+02, 4.88370544e+02, 3.29439270e+02, 5.54264160e+02,
       3.29574982e+02, 7.52167435e+01, 2.15171936e+02, 1.48986176e+02,
       2.20256638e+02, 2.22767670e+02, 2.24657745e+02, 2.98443848e+02,
