<?xml version="1.0"?>
<opencv_storage>
<calibration_time>"Tue Dec 18 08:58:43 2018"</calibration_time>
<camera_model>"DFK 72BUC02"</camera_model>
<camera_serial>"310444339"</camera_serial>
<nr_of_frames>5</nr_of_frames>
<image_width>640</image_width>
<image_height>480</image_height>
<board_width>7</board_width>
<board_height>4</board_height>
<square_size>2.0000000949949026e-03</square_size>
<fix_aspect_ratio>1.</fix_aspect_ratio>
<!-- flags: +fix_aspectRatio -->
<flags>2</flags>
<fisheye_model>0</fisheye_model>
<camera_matrix type_id="opencv-matrix">
  <rows>3</rows>
  <cols>3</cols>
  <dt>d</dt>
  <data>
    1.6718941488880546e+03 0. 3.0925017686520573e+02 0.
    1.6718941488880546e+03 2.4791475949014387e+02 0. 0. 1.</data></camera_matrix>
<distortion_coefficients type_id="opencv-matrix">
  <rows>5</rows>
  <cols>1</cols>
  <dt>d</dt>
  <data>
    1.5135136211648534e+00 -3.9726941016733724e-01
    -5.9224733743362450e-02 -7.1412474692360867e-02
    -3.6400660679932221e-03</data></distortion_coefficients>
<avg_reprojection_error>7.6324891097744277e-02</avg_reprojection_error>
<per_view_reprojection_errors type_id="opencv-matrix">
  <rows>5</rows>
  <cols>1</cols>
  <dt>f</dt>
  <data>
    8.05869922e-02 7.52179921e-02 7.41497204e-02 7.20867515e-02
    7.92512149e-02</data></per_view_reprojection_errors>
<!-- a set of 6-tuples (rotation vector + translation vector) for each view -->
<extrinsic_parameters type_id="opencv-matrix">
  <rows>5</rows>
  <cols>6</cols>
  <dt>d</dt>
  <data>
    7.2571070786197359e-02 2.0953969371677142e-01
    -7.3890901269539101e-03 -1.6873505537230245e-03
    5.4204375704120259e-03 1.9989377715960807e-01 7.2709874746363243e-02
    2.0612423703174787e-01 -7.1013635198501146e-03
    -1.6883231764116564e-03 5.4223828215257258e-03
    1.9995486268000828e-01 7.2585703243375085e-02 2.0701772846333799e-01
    -7.2434576828235842e-03 -1.6901214751192971e-03
    5.4205899976114526e-03 1.9990910466084652e-01 7.0917174835274974e-02
    2.0850644349456568e-01 -7.0501299560756479e-03
    -1.6872295105970828e-03 5.4204031670086915e-03
    1.9992521230399196e-01 7.1884786582358390e-02 2.0808883773676312e-01
    -7.1111413291549200e-03 -1.6888030709163023e-03
    5.4183518036341775e-03 1.9987533178975198e-01</data></extrinsic_parameters>
<image_points type_id="opencv-matrix">
  <rows>5</rows>
  <cols>28</cols>
  <dt>"2f"</dt>
  <data>
    2.95020355e+02 2.93159576e+02 3.11545959e+02 2.93156036e+02
    3.27738068e+02 2.93277557e+02 3.44094391e+02 2.93178406e+02
    3.60588379e+02 2.93278931e+02 3.76917480e+02 2.93293335e+02
    3.93594055e+02 2.93268494e+02 2.95213135e+02 3.09630798e+02
    3.11650146e+02 3.09707306e+02 3.27849426e+02 3.09758606e+02
    3.44303680e+02 3.09860260e+02 3.60687317e+02 3.09778046e+02
    3.77115906e+02 3.09870789e+02 3.93574982e+02 3.09879944e+02
    2.95343018e+02 3.26280731e+02 3.11685791e+02 3.26265350e+02
    3.28103119e+02 3.26310913e+02 3.44265869e+02 3.26384430e+02
    3.60888733e+02 3.26501709e+02 3.77115326e+02 3.26534637e+02
    3.93670837e+02 3.26624908e+02 2.95502869e+02 3.42657318e+02
    3.11918274e+02 3.42825531e+02 3.28232330e+02 3.42744965e+02
    3.44506012e+02 3.43039490e+02 3.60892365e+02 3.42986359e+02
    3.77391724e+02 3.43109100e+02 3.93769379e+02 3.43271606e+02
    2.95047699e+02 2.93152618e+02 3.11522400e+02 2.93198883e+02
    3.27748749e+02 2.93245941e+02 3.44130219e+02 2.93128571e+02
    3.60576782e+02 2.93302612e+02 3.77015198e+02 2.93306915e+02
    3.93576172e+02 2.93272888e+02 2.95181793e+02 3.09630371e+02
    3.11638458e+02 3.09707092e+02 3.27826508e+02 3.09738556e+02
    3.44308105e+02 3.09868134e+02 3.60724243e+02 3.09805573e+02
    3.77114838e+02 3.09867889e+02 3.93594543e+02 3.09890289e+02
    2.95329346e+02 3.26270721e+02 3.11683197e+02 3.26261414e+02
    3.28065430e+02 3.26333191e+02 3.44269409e+02 3.26416168e+02
    3.60839233e+02 3.26485138e+02 3.77147369e+02 3.26555786e+02
    3.93666595e+02 3.26603485e+02 2.95465729e+02 3.42635895e+02
    3.11955536e+02 3.42751038e+02 3.28198029e+02 3.42767792e+02
    3.44542786e+02 3.43038452e+02 3.60894653e+02 3.43001587e+02
    3.77380035e+02 3.43061249e+02 3.93755707e+02 3.43222198e+02
    2.94977600e+02 2.93216766e+02 3.11537537e+02 2.93146423e+02
    3.27726318e+02 2.93262238e+02 3.44107574e+02 2.93136108e+02
    3.60572449e+02 2.93282532e+02 3.76974396e+02 2.93274597e+02
    3.93592255e+02 2.93266022e+02 2.95134094e+02 3.09649597e+02
    3.11614410e+02 3.09702637e+02 3.27858734e+02 3.09753326e+02
    3.44331757e+02 3.09790436e+02 3.60697968e+02 3.09808228e+02
    3.77096161e+02 3.09857117e+02 3.93589813e+02 3.09888275e+02
    2.95321075e+02 3.26260284e+02 3.11655731e+02 3.26249390e+02
    3.28070099e+02 3.26318817e+02 3.44282349e+02 3.26374695e+02
    3.60848877e+02 3.26479218e+02 3.77151123e+02 3.26519836e+02
    3.93670410e+02 3.26646271e+02 2.95511047e+02 3.42642365e+02
    3.11914520e+02 3.42787079e+02 3.28210388e+02 3.42770447e+02
    3.44505463e+02 3.43040100e+02 3.60850067e+02 3.42996429e+02
    3.77353455e+02 3.43094269e+02 3.93749756e+02 3.43234802e+02
    2.95041962e+02 2.93147766e+02 3.11537079e+02 2.93170044e+02
    3.27765106e+02 2.93247437e+02 3.44108337e+02 2.93158203e+02
    3.60560486e+02 2.93313904e+02 3.77005859e+02 2.93294678e+02
    3.93548340e+02 2.93260498e+02 2.95212646e+02 3.09635193e+02
    3.11658783e+02 3.09719788e+02 3.27819000e+02 3.09742249e+02
    3.44310059e+02 3.09838226e+02 3.60720734e+02 3.09765228e+02
    3.77044586e+02 3.09910095e+02 3.93560486e+02 3.09880829e+02
    2.95290192e+02 3.26259460e+02 3.11670685e+02 3.26258728e+02
    3.28058472e+02 3.26353668e+02 3.44267151e+02 3.26355164e+02
    3.60852570e+02 3.26467712e+02 3.77142456e+02 3.26523102e+02
    3.93653748e+02 3.26624725e+02 2.95491119e+02 3.42656036e+02
    3.11907928e+02 3.42766235e+02 3.28171234e+02 3.42797333e+02
    3.44499298e+02 3.43012665e+02 3.60930084e+02 3.43046753e+02
    3.77362366e+02 3.43109650e+02 3.93756927e+02 3.43260834e+02
    2.95017578e+02 2.93143005e+02 3.11548981e+02 2.93160889e+02
    3.27734924e+02 2.93233521e+02 3.44099426e+02 2.93132324e+02
    3.60530243e+02 2.93302063e+02 3.77015991e+02 2.93256989e+02
    3.93595367e+02 2.93301361e+02 2.95174561e+02 3.09674805e+02
    3.11647736e+02 3.09702576e+02 3.27831329e+02 3.09719177e+02
    3.44329956e+02 3.09838623e+02 3.60709320e+02 3.09720428e+02
    3.77104248e+02 3.09883423e+02 3.93593048e+02 3.09918823e+02
    2.95299377e+02 3.26295288e+02 3.11664764e+02 3.26254639e+02
    3.28030212e+02 3.26315948e+02 3.44271423e+02 3.26407227e+02
    3.60876495e+02 3.26516724e+02 3.77148895e+02 3.26537109e+02
    3.93654175e+02 3.26614319e+02 2.95504242e+02 3.42644958e+02
    3.11914581e+02 3.42793610e+02 3.28191895e+02 3.42770172e+02
    3.44485687e+02 3.42992554e+02 3.60890839e+02 3.43036896e+02
    3.77386322e+02 3.43087219e+02 3.93766022e+02 3.43263275e+02</data></image_points>
</opencv_storage>
