<?xml version="1.0"?>
<opencv_storage>
<calibration_time>"Fri Jan  4 08:01:33 2019"</calibration_time>
<camera_model>"DFK 72BUC02"</camera_model>
<camera_serial>"310444339"</camera_serial>
<nr_of_frames>10</nr_of_frames>
<image_width>640</image_width>
<image_height>480</image_height>
<board_width>7</board_width>
<board_height>4</board_height>
<square_size>2.0000000949949026e-03</square_size>
<fix_aspect_ratio>1.</fix_aspect_ratio>
<!-- flags: +fix_aspectRatio -->
<flags>2</flags>
<fisheye_model>0</fisheye_model>
<camera_matrix type_id="opencv-matrix">
  <rows>3</rows>
  <cols>3</cols>
  <dt>d</dt>
  <data>
    1.7354994229674339e+03 0. 3.1623257298697570e+02 0.
    1.7354994229674339e+03 2.1678468947975753e+02 0. 0. 1.</data></camera_matrix>
<distortion_coefficients type_id="opencv-matrix">
  <rows>5</rows>
  <cols>1</cols>
  <dt>d</dt>
  <data>
    -4.3678481888467080e-01 3.6906642564554257e+00
    1.0028215986526600e-02 9.1339192887750463e-03
    -4.2511323761274578e-01</data></distortion_coefficients>
<avg_reprojection_error>1.3483298321527204e-01</avg_reprojection_error>
<per_view_reprojection_errors type_id="opencv-matrix">
  <rows>10</rows>
  <cols>1</cols>
  <dt>f</dt>
  <data>
    1.24043465e-01 9.78481770e-02 1.15693584e-01 1.28247380e-01
    1.11685887e-01 1.35795504e-01 1.10427782e-01 1.19457878e-01
    1.33125424e-01 2.27826402e-01</data></per_view_reprojection_errors>
<!-- a set of 6-tuples (rotation vector + translation vector) for each view -->
<extrinsic_parameters type_id="opencv-matrix">
  <rows>10</rows>
  <cols>6</cols>
  <dt>d</dt>
  <data>
    1.5586999618344550e-02 8.8866831067302449e-02
    -2.4882831592270014e+00 2.2620456799740358e-02
    -6.3386165379681917e-03 1.7317893193762468e-01
    8.6279811711906605e-03 -5.7255183194509673e-02
    6.5603987900002847e-01 -2.5299457590505295e-02
    1.2184510181441836e-02 1.7157483810850024e-01
    -2.4444503711179731e-03 2.0574848458319452e-02
    8.4903890122646333e-02 -2.7951199014451190e-02
    -1.4227019551445407e-02 1.7109740164156390e-01
    2.1118565533306558e-01 -1.2050272470376247e-01
    1.5543589209086111e+00 -1.8556866296642238e-03
    -1.6653309259811316e-02 1.6748303003347323e-01
    1.3749119706607657e-01 -1.1298540540735003e-01
    1.5966413710010099e+00 2.9281750138042097e-02
    -4.1572256006235419e-03 1.6999225388351225e-01
    1.3948111891871354e-01 -1.5066482213072799e-01
    1.4630404378743176e+00 1.8444027296607129e-02 1.1760084468626355e-02
    1.6930258661583752e-01 5.4289271738095024e-03
    -1.6248797930177725e-02 6.4313389022258929e-03
    -2.5826569399830086e-02 5.1268403983082561e-04
    1.7109274645290051e-01 3.3123468010723772e-02
    -1.8301296978046810e-01 -3.7150097689437190e-04
    1.6126718466761704e-02 3.7426256016262352e-03 1.6985213615922476e-01
    -8.9747134389117478e-01 4.1724240511436153e-02
    -3.1911281033395592e-03 3.9403727474498105e-03
    1.1829445571201289e-02 1.5736511881216028e-01 7.4395409768249232e-01
    -1.1606630368591800e-01 -1.2809095732311163e-01
    5.2562688671396046e-04 1.0476223332902611e-03 1.4786401552126488e-01</data></extrinsic_parameters>
<image_points type_id="opencv-matrix">
  <rows>10</rows>
  <cols>28</cols>
  <dt>"2f"</dt>
  <data>
    5.42116821e+02 1.54092926e+02 5.26201904e+02 1.41823105e+02
    5.10664886e+02 1.29730698e+02 4.94573486e+02 1.17464851e+02
    4.78864899e+02 1.05368584e+02 4.62841919e+02 9.30196457e+01
    4.47195007e+02 8.09494858e+01 5.54159485e+02 1.38172150e+02
    5.38402710e+02 1.25997108e+02 5.22635437e+02 1.13813690e+02
    5.06771576e+02 1.01593979e+02 4.90866577e+02 8.95874329e+01
    4.75099701e+02 7.72315750e+01 4.59394623e+02 6.52165222e+01
    5.66327637e+02 1.22352951e+02 5.50462036e+02 1.10192108e+02
    5.34780945e+02 9.79853668e+01 5.18871094e+02 8.59297562e+01
    5.03251434e+02 7.37162628e+01 4.87281403e+02 6.15899315e+01
    4.71567810e+02 4.95960274e+01 5.78308105e+02 1.06576241e+02
    5.62558716e+02 9.44022522e+01 5.46846069e+02 8.23490601e+01
    5.30891785e+02 7.02291107e+01 5.15288635e+02 5.81534882e+01
    4.99386200e+02 4.58663750e+01 4.83631287e+02 3.39003181e+01
    6.34069672e+01 3.39248413e+02 7.91924896e+01 3.51441681e+02
    9.50059357e+01 3.63506439e+02 1.10837532e+02 3.75725891e+02
    1.26630058e+02 3.87859467e+02 1.42759293e+02 4.00063019e+02
    1.58485138e+02 4.12166382e+02 5.14067650e+01 3.55154327e+02
    6.71736450e+01 3.67299988e+02 8.29327545e+01 3.79374451e+02
    9.88169861e+01 3.91595673e+02 1.14688629e+02 4.03662659e+02
    1.30572586e+02 4.15918579e+02 1.46361694e+02 4.27984161e+02
    3.93975449e+01 3.70987976e+02 5.52537003e+01 3.83083984e+02
    7.08418655e+01 3.95221069e+02 8.68971024e+01 4.07362946e+02
    1.02601089e+02 4.19551422e+02 1.18529572e+02 4.31707672e+02
    1.34342148e+02 4.43621552e+02 2.75669460e+01 3.86610321e+02
    4.33619652e+01 3.98858490e+02 5.90575600e+01 4.10914703e+02
    7.49127274e+01 4.23006226e+02 9.07002563e+01 4.35191772e+02
    1.06563141e+02 4.47424438e+02 1.22337555e+02 4.59507507e+02
    3.75033035e+01 7.52340775e+01 5.71784706e+01 7.66000977e+01
    7.66187286e+01 7.81399841e+01 9.62919922e+01 7.96998978e+01
    1.15754669e+02 8.11144562e+01 1.35750595e+02 8.25373383e+01
    1.55312714e+02 8.40922165e+01 3.58305855e+01 9.50713806e+01
    5.52172699e+01 9.65518570e+01 7.46164780e+01 9.80250168e+01
    9.44315186e+01 9.94015198e+01 1.14072212e+02 1.00805252e+02
    1.33746521e+02 1.02555214e+02 1.53543732e+02 1.04053116e+02
    3.36827431e+01 1.14987885e+02 5.33452568e+01 1.16426155e+02
    7.28233414e+01 1.17910477e+02 9.25467911e+01 1.19394539e+02
    1.12179718e+02 1.20978264e+02 1.32037491e+02 1.22462616e+02
    1.51521729e+02 1.23898186e+02 3.20371857e+01 1.34707230e+02
    5.15082207e+01 1.36418976e+02 7.09204865e+01 1.37920212e+02
    9.07420654e+01 1.39274414e+02 1.10388725e+02 1.40832703e+02
    1.30178497e+02 1.42528259e+02 1.49994385e+02 1.44085617e+02
    2.97286987e+02 4.55332298e+01 2.97609863e+02 6.58767776e+01
    2.98008606e+02 8.58238678e+01 2.98292297e+02 1.06219223e+02
    2.98582336e+02 1.26344070e+02 2.98921265e+02 1.46699188e+02
    2.99272247e+02 1.66577713e+02 2.76572662e+02 4.58826523e+01
    2.77100250e+02 6.60620804e+01 2.77510834e+02 8.62074509e+01
    2.77802734e+02 1.06461975e+02 2.78316437e+02 1.26613655e+02
    2.78552948e+02 1.46802170e+02 2.78831207e+02 1.66780029e+02
    2.56172729e+02 4.60634422e+01 2.56614258e+02 6.63577805e+01
    2.56992401e+02 8.63945923e+01 2.57598938e+02 1.06658966e+02
    2.57794220e+02 1.26690041e+02 2.58235443e+02 1.46985764e+02
    2.58604309e+02 1.66821030e+02 2.35935303e+02 4.63135147e+01
    2.36338867e+02 6.65707779e+01 2.36743256e+02 8.65761185e+01
    2.37261078e+02 1.06847488e+02 2.37633759e+02 1.26846039e+02
    2.37984314e+02 1.47144028e+02 2.38282684e+02 1.67140320e+02
    6.13583496e+02 1.75236282e+02 6.12531189e+02 1.95327316e+02
    6.11499756e+02 2.14999664e+02 6.10358582e+02 2.34993515e+02
    6.09292358e+02 2.54802643e+02 6.08265930e+02 2.74791016e+02
    6.07129089e+02 2.94375000e+02 5.93287720e+02 1.74642792e+02
    5.92392395e+02 1.94584946e+02 5.91390320e+02 2.14494339e+02
    5.90278320e+02 2.34462845e+02 5.89394409e+02 2.54398300e+02
    5.88291565e+02 2.74157562e+02 5.87210022e+02 2.93826691e+02
    5.73103516e+02 1.73741791e+02 5.72200745e+02 1.93831238e+02
    5.71192200e+02 2.13725967e+02 5.70331055e+02 2.33737122e+02
    5.69257996e+02 2.53571365e+02 5.68289490e+02 2.73537384e+02
    5.67303223e+02 2.93112183e+02 5.52883362e+02 1.73020294e+02
    5.51903015e+02 1.93127487e+02 5.51033325e+02 2.12976761e+02
    5.50171143e+02 2.32986252e+02 5.49219055e+02 2.52849686e+02
    5.48217529e+02 2.72926361e+02 5.47195984e+02 2.92708862e+02
    5.05111023e+02 3.37368622e+02 5.06682526e+02 3.57084198e+02
    5.08288269e+02 3.76349548e+02 5.09798950e+02 3.95806061e+02
    5.11345367e+02 4.15118164e+02 5.13014343e+02 4.34554382e+02
    5.14489075e+02 4.53535553e+02 4.84660278e+02 3.39630829e+02
