<?xml version="1.0"?>
<opencv_storage>
<calibration_time>"Thu Dec 27 18:19:46 2018"</calibration_time>
<camera_model>"DFK 72BUC02"</camera_model>
<camera_serial>"310444339"</camera_serial>
<nr_of_frames>10</nr_of_frames>
<image_width>640</image_width>
<image_height>480</image_height>
<board_width>7</board_width>
<board_height>4</board_height>
<square_size>2.0000000949949026e-03</square_size>
<fix_aspect_ratio>1.</fix_aspect_ratio>
<!-- flags: +fix_aspectRatio -->
<flags>2</flags>
<fisheye_model>0</fisheye_model>
<camera_matrix type_id="opencv-matrix">
  <rows>3</rows>
  <cols>3</cols>
  <dt>d</dt>
  <data>
    1.6209957751120212e+03 0. 4.3562412829737991e+02 0.
    1.6209957751120212e+03 1.2153264960980125e+02 0. 0. 1.</data></camera_matrix>
<distortion_coefficients type_id="opencv-matrix">
  <rows>5</rows>
  <cols>1</cols>
  <dt>d</dt>
  <data>
    -3.9122569394295920e-01 -2.9208065962935477e+00
    3.4332355032186873e-02 -3.5697502917123960e-03
    2.4618861748392753e+01</data></distortion_coefficients>
<avg_reprojection_error>3.1205589517431465e-01</avg_reprojection_error>
<per_view_reprojection_errors type_id="opencv-matrix">
  <rows>10</rows>
  <cols>1</cols>
  <dt>f</dt>
  <data>
    2.68564552e-01 2.21413046e-01 3.15786213e-01 3.33116770e-01
    2.74212003e-01 3.17305505e-01 3.30590785e-01 4.91986662e-01
    3.11437011e-01 1.33196414e-01</data></per_view_reprojection_errors>
<!-- a set of 6-tuples (rotation vector + translation vector) for each view -->
<extrinsic_parameters type_id="opencv-matrix">
  <rows>10</rows>
  <cols>6</cols>
  <dt>d</dt>
  <data>
    -1.1681228765699103e-01 -8.0983921929356695e-01
    8.8186555937687372e-02 -4.3200617441739751e-03
    4.5395683316921277e-03 1.1326021944317939e-01
    -2.6873862555366590e-01 1.4395562635348655e-01
    8.2048785396399019e-04 -1.7572441693975944e-02
    9.2293024514023651e-03 1.0093775719491534e-01
    -4.3098994129658103e-01 2.5185949663082002e-01
    -9.4609313741152057e-02 -1.8405000428527569e-02
    8.2737921186872808e-03 1.1237973495328098e-01
    -3.5807478619800082e-01 2.7383512133872795e-01
    -7.1469390823192439e-02 -1.7025994126384118e-02
    -2.9854751335380955e-03 1.1097780563667446e-01
    -3.4164721109178808e-01 -4.7454573585147608e-01
    7.4189640426777378e-02 -1.0145451866268142e-02
    -4.4359847275672170e-03 9.0864700190935954e-02
    -4.5710812479899321e-01 -4.1251278876357644e-01
    1.6475253172594243e-02 -6.9992693865954976e-03
    8.2455253843591366e-03 9.3275513718537831e-02
    -5.1685511063775824e-01 -4.8378705808138434e-01
    3.2176954622230698e-02 -1.8711117178828174e-02
    7.6766857273785419e-03 8.8298884606133290e-02 3.7767647367661311e-01
    -7.6635770726229707e-02 1.4060369934554587e-01
    -1.2080865252317703e-02 1.0131078244650303e-02
    8.2481187404465792e-02 4.2221262280185046e-01 6.9638805444591501e-02
    8.7822117285836623e-02 -6.9406229246164325e-03
    -1.1100526203817655e-03 7.8115279088668818e-02
    -4.3167223132288275e-04 -4.3262404312680108e-02
    1.4781259154605113e-02 -3.5331195663364920e-03
    6.9068568621880938e-03 1.1816501862294644e-01</data></extrinsic_parameters>
<image_points type_id="opencv-matrix">
  <rows>10</rows>
  <cols>28</cols>
  <dt>"2f"</dt>
  <data>
    3.73586761e+02 1.86792191e+02 3.94014893e+02 1.89404572e+02
    4.13184082e+02 1.92144882e+02 4.32555023e+02 1.94588959e+02
    4.51229767e+02 1.97031372e+02 4.69748962e+02 1.99646057e+02
    4.87521454e+02 2.01835449e+02 3.72721893e+02 2.15579788e+02
    3.93170654e+02 2.17800934e+02 4.12675232e+02 2.20197647e+02
    4.32127289e+02 2.22320969e+02 4.50976105e+02 2.24387177e+02
    4.69388306e+02 2.26648666e+02 4.87034576e+02 2.28681519e+02
    3.71625702e+02 2.44527359e+02 3.91958130e+02 2.46387772e+02
    4.11688080e+02 2.48476822e+02 4.31049438e+02 2.50204163e+02
    4.49923035e+02 2.52126068e+02 4.68519745e+02 2.53903519e+02
    4.86392548e+02 2.55613388e+02 3.69860809e+02 2.73601807e+02
    3.90242310e+02 2.75227997e+02 4.10012054e+02 2.76613281e+02
    4.29825165e+02 2.78060547e+02 4.48630951e+02 2.79724945e+02
    4.67434387e+02 2.81223511e+02 4.85520691e+02 2.82726685e+02
    1.56292435e+02 2.70694397e+02 1.86436813e+02 2.70374023e+02
    2.16394012e+02 2.70234711e+02 2.47516998e+02 2.70222321e+02
    2.78938080e+02 2.69609192e+02 3.10369141e+02 2.69722260e+02
    3.42419800e+02 2.69364136e+02 1.54422073e+02 3.01980377e+02
    1.84389145e+02 3.02347778e+02 2.14615341e+02 3.02109070e+02
    2.45842499e+02 3.02157684e+02 2.77579529e+02 3.02265350e+02
    3.09154388e+02 3.02379883e+02 3.41162415e+02 3.02290466e+02
    1.52595032e+02 3.33826202e+02 1.82664566e+02 3.34135498e+02
    2.13127533e+02 3.34472290e+02 2.44501053e+02 3.34713226e+02
    2.76193207e+02 3.34692902e+02 3.07862610e+02 3.35250031e+02
    3.40216949e+02 3.35493011e+02 1.50899872e+02 3.65832764e+02
    1.81237900e+02 3.66277710e+02 2.11827728e+02 3.66978302e+02
    2.43034805e+02 3.67415161e+02 2.74880707e+02 3.67650665e+02
    3.06840485e+02 3.68046204e+02 3.39188110e+02 3.68439606e+02
    1.72179291e+02 2.41941971e+02 1.98450989e+02 2.38201889e+02
    2.24746506e+02 2.33896469e+02 2.51531067e+02 2.30251953e+02
    2.78917572e+02 2.26230042e+02 3.06436676e+02 2.22725876e+02
    3.34497040e+02 2.18665207e+02 1.71115738e+02 2.68546509e+02
    1.97981888e+02 2.65033325e+02 2.24447372e+02 2.61624512e+02
    2.51598358e+02 2.58126740e+02 2.79131012e+02 2.54156250e+02
    3.06503113e+02 2.50620773e+02 3.34812561e+02 2.47055725e+02
    1.70472824e+02 2.96327271e+02 1.97648346e+02 2.93396545e+02
    2.24045715e+02 2.89852692e+02 2.51249512e+02 2.85972809e+02
    2.79053925e+02 2.82214478e+02 3.06930695e+02 2.78959503e+02
    3.35185730e+02 2.75220947e+02 1.69446518e+02 3.23786804e+02
    1.96452988e+02 3.20715576e+02 2.23210327e+02 3.17360962e+02
    2.50966064e+02 3.13998566e+02 2.78855804e+02 3.10614349e+02
    3.06866241e+02 3.07284332e+02 3.35357239e+02 3.03820038e+02
    1.89532928e+02 8.00705719e+01 2.16210709e+02 7.60625229e+01
    2.42663300e+02 7.16002045e+01 2.69630829e+02 6.76660538e+01
    2.97196106e+02 6.35514488e+01 3.25028290e+02 5.99523430e+01
    3.53326965e+02 5.59551544e+01 1.88142426e+02 1.06345665e+02
    2.15165390e+02 1.02595070e+02 2.41997910e+02 9.90842667e+01
    2.69294464e+02 9.53368378e+01 2.97203369e+02 9.12645416e+01
    3.24736816e+02 8.76732330e+01 3.53449097e+02 8.38543015e+01
    1.86955841e+02 1.33928909e+02 2.14399948e+02 1.30944946e+02
    2.41008530e+02 1.27067696e+02 2.68536316e+02 1.22965630e+02
    2.96622711e+02 1.19141396e+02 3.24756104e+02 1.15648804e+02
    3.53320221e+02 1.11864914e+02 1.85461456e+02 1.61244400e+02
    2.12754745e+02 1.58045288e+02 2.39806427e+02 1.54386078e+02
    2.67798340e+02 1.50837891e+02 2.96072052e+02 1.47253891e+02
    3.24320618e+02 1.43831711e+02 3.53139374e+02 1.40320038e+02
    2.56186462e+02 4.37710266e+01 2.88822388e+02 4.95206337e+01
    3.20642334e+02 5.48162041e+01 3.52167969e+02 6.04199562e+01
    3.83497772e+02 6.61292801e+01 4.13833038e+02 7.15396729e+01
    4.44156860e+02 7.71469269e+01 2.54695908e+02 7.65998154e+01
    2.87661194e+02 8.18614044e+01 3.19794891e+02 8.73749542e+01
    3.51809875e+02 9.29831924e+01 3.83410400e+02 9.81784210e+01
    4.14434662e+02 1.03385170e+02 4.44841125e+02 1.08541451e+02
    2.53742050e+02 1.10114899e+02 2.86760132e+02 1.15325371e+02
    3.19280396e+02 1.20455238e+02 3.51375549e+02 1.25496681e+02
    3.83429565e+02 1.30577454e+02 4.14346100e+02 1.35502548e+02
    4.45293304e+02 1.40320984e+02 2.52356750e+02 1.43987137e+02
    2.85090393e+02 1.49717224e+02 3.18383759e+02 1.54280869e+02
    3.51106659e+02 1.58844849e+02 3.83063660e+02 1.63826340e+02
    4.13990295e+02 1.68510345e+02 4.45457794e+02 1.72987717e+02
    3.13649506e+02 2.65751831e+02 3.46480957e+02 2.68388123e+02
    3.78343842e+02 2.70670349e+02 4.09936005e+02 2.73187622e+02
    4.41304291e+02 2.75638550e+02 4.71613586e+02 2.78086731e+02
    5.01939178e+02 2.80515289e+02 3.15288391e+02 2.98591034e+02
