<?xml version="1.0"?>
<opencv_storage>
<calibration_time>"Thu Dec 27 18:05:02 2018"</calibration_time>
<camera_model>"DFK 72BUC02"</camera_model>
<camera_serial>"310444339"</camera_serial>
<nr_of_frames>10</nr_of_frames>
<image_width>640</image_width>
<image_height>480</image_height>
<board_width>7</board_width>
<board_height>4</board_height>
<square_size>2.0000000949949026e-03</square_size>
<fix_aspect_ratio>1.</fix_aspect_ratio>
<!-- flags: +fix_aspectRatio -->
<flags>2</flags>
<fisheye_model>0</fisheye_model>
<camera_matrix type_id="opencv-matrix">
  <rows>3</rows>
  <cols>3</cols>
  <dt>d</dt>
  <data>
    2.2509800065367881e+03 0. 3.4282275273471419e+02 0.
    2.2509800065367881e+03 2.4184806944909025e+02 0. 0. 1.</data></camera_matrix>
<distortion_coefficients type_id="opencv-matrix">
  <rows>5</rows>
  <cols>1</cols>
  <dt>d</dt>
  <data>
    -4.0163712273887658e-01 2.4799498850193449e+00
    -5.0344064550910967e-04 2.0222725481401183e-02
    1.7822366188833375e-01</data></distortion_coefficients>
<avg_reprojection_error>1.2612879804594165e-01</avg_reprojection_error>
<per_view_reprojection_errors type_id="opencv-matrix">
  <rows>10</rows>
  <cols>1</cols>
  <dt>f</dt>
  <data>
    1.12197064e-01 1.02414496e-01 1.10741019e-01 1.19215585e-01
    1.28381714e-01 1.28984794e-01 1.47993386e-01 1.59855396e-01
    1.25480101e-01 1.14943102e-01</data></per_view_reprojection_errors>
<!-- a set of 6-tuples (rotation vector + translation vector) for each view -->
<extrinsic_parameters type_id="opencv-matrix">
  <rows>10</rows>
  <cols>6</cols>
  <dt>d</dt>
  <data>
    1.1162782948801214e-02 2.1396854749471475e-01 8.6208676189384534e-03
    -1.8498027674714871e-02 -2.3959850132137688e-03
    2.1461772304947196e-01 5.1339261083229388e-03 2.4542074743389103e-01
    8.6115658995049808e-03 -1.2208758964034238e-02
    -2.3512456026499929e-03 2.2415868819538390e-01
    6.2365886705049930e-03 2.9734064869908489e-01 8.6867818032001446e-03
    -2.2574875648858012e-03 -2.2508684660315476e-03
    2.3823075113759334e-01 4.0082165302323530e-03 3.8183385441050471e-01
    8.0474443340641123e-03 1.5261440773705837e-02
    -1.9854968778978471e-03 2.6091016689514723e-01
    2.1008077064388234e-02 -9.5512269699830704e-02
    1.3309227878578498e-02 9.7031884134278195e-03
    -3.7032251723430414e-03 1.7407091144694459e-01
    2.1893753823093422e-02 -1.0365356567512060e-01
    1.3390796716733704e-02 3.5060344269513886e-03
    -3.6095330993532793e-03 1.6307579339088557e-01
    3.4297234483486004e-02 -1.3434862888720173e-01
    1.4289756358508621e-02 -7.8389409215134844e-03
    -3.5630872857794027e-03 1.4034193543050330e-01
    4.5155009091435577e-02 -1.6532695605794201e-01
    1.5477171907173532e-02 -1.5982509063526090e-02
    -3.4646912741710962e-03 1.2152435353928449e-01
    2.3215417490245274e-02 -1.0409416758255575e-01
    1.3011630407956295e-02 3.4860922011965708e-03
    -2.5903638699551965e-03 1.6320354288701791e-01
    1.0605148654706737e-02 2.1177028453275712e-01 8.7811208388114490e-03
    -1.8571200350930971e-02 -2.2775483874196032e-03
    2.1468082865110308e-01</data></extrinsic_parameters>
<image_points type_id="opencv-matrix">
  <rows>10</rows>
  <cols>28</cols>
  <dt>"2f"</dt>
  <data>
    1.50391205e+02 2.16779831e+02 1.70232681e+02 2.16998856e+02
    1.89960495e+02 2.17210327e+02 2.10102905e+02 2.17283279e+02
    2.30417908e+02 2.17429245e+02 2.50537445e+02 2.17618500e+02
    2.71149719e+02 2.17642426e+02 1.50345596e+02 2.37652008e+02
    1.70051331e+02 2.37828735e+02 1.89913284e+02 2.38131180e+02
    2.09982056e+02 2.38328644e+02 2.30241013e+02 2.38500580e+02
    2.50511215e+02 2.38747665e+02 2.71035339e+02 2.38848831e+02
    1.50250000e+02 2.58676117e+02 1.70172882e+02 2.58726196e+02
    1.89897186e+02 2.59119598e+02 2.09901917e+02 2.59342865e+02
    2.30210098e+02 2.59480927e+02 2.50454895e+02 2.59847870e+02
    2.70854218e+02 2.60075348e+02 1.49883636e+02 2.79357056e+02
    1.69718704e+02 2.79694946e+02 1.89615494e+02 2.79993408e+02
    2.09639694e+02 2.80305634e+02 2.30048843e+02 2.80727753e+02
    2.50245895e+02 2.80830444e+02 2.70686188e+02 2.81223572e+02
    2.20829117e+02 2.18212662e+02 2.39906708e+02 2.18425919e+02
    2.58958313e+02 2.18577209e+02 2.78298767e+02 2.18667099e+02
    2.97846954e+02 2.18826355e+02 3.17335907e+02 2.18975006e+02
    3.37040802e+02 2.19008698e+02 2.20645889e+02 2.38277374e+02
    2.39685577e+02 2.38485764e+02 2.58808380e+02 2.38729095e+02
    2.78134399e+02 2.38818771e+02 2.97743744e+02 2.39064270e+02
    3.17231598e+02 2.39233414e+02 3.36872925e+02 2.39366684e+02
    2.20521576e+02 2.58450165e+02 2.39855240e+02 2.58593323e+02
    2.58740570e+02 2.58769318e+02 2.78129272e+02 2.59108490e+02
    2.97634644e+02 2.59187653e+02 3.17133209e+02 2.59563141e+02
    3.36682404e+02 2.59745209e+02 2.20240860e+02 2.78312439e+02
    2.39369385e+02 2.78710632e+02 2.58524658e+02 2.78916046e+02
    2.77808319e+02 2.79175690e+02 2.97447479e+02 2.79494537e+02
    3.16867584e+02 2.79670105e+02 3.36589752e+02 2.80097656e+02
    3.21550812e+02 2.20559830e+02 3.39570862e+02 2.20721451e+02
    3.57598389e+02 2.20879944e+02 3.75891510e+02 2.20944595e+02
    3.94349640e+02 2.21101044e+02 4.12665527e+02 2.21306503e+02
    4.31394470e+02 2.21241074e+02 3.21412720e+02 2.39375885e+02
    3.39417969e+02 2.39597107e+02 3.57543365e+02 2.39791382e+02
    3.75745972e+02 2.39972275e+02 3.94208771e+02 2.40139664e+02
    4.12637695e+02 2.40437073e+02 4.31226135e+02 2.40537064e+02
    3.21314148e+02 2.58535828e+02 3.39549286e+02 2.58589264e+02
    3.57384216e+02 2.58824951e+02 3.75729584e+02 2.59096802e+02
    3.94205994e+02 2.59180298e+02 4.12483612e+02 2.59533752e+02
    4.31058289e+02 2.59694427e+02 3.20917633e+02 2.77181305e+02
    3.39023407e+02 2.77582428e+02 3.57217407e+02 2.77750458e+02
    3.75427887e+02 2.78039856e+02 3.93937500e+02 2.78454376e+02
    4.12339478e+02 2.78588226e+02 4.30925354e+02 2.78905090e+02
    4.74766327e+02 2.24685837e+02 4.91298828e+02 2.24789978e+02
    5.07794220e+02 2.24885010e+02 5.24396118e+02 2.24973129e+02
    5.41337646e+02 2.25112625e+02 5.57998840e+02 2.25260422e+02
    5.75007080e+02 2.25238708e+02 4.74652008e+02 2.41854080e+02
    4.91187408e+02 2.42125580e+02 5.07694763e+02 2.42332870e+02
    5.24223022e+02 2.42391663e+02 5.41282471e+02 2.42572845e+02
    5.57965698e+02 2.42756622e+02 5.74891479e+02 2.42886475e+02
    4.74596344e+02 2.59321259e+02 4.91299774e+02 2.59415375e+02
    5.07579132e+02 2.59658478e+02 5.24290344e+02 2.59866821e+02
    5.41241211e+02 2.59927277e+02 5.57904846e+02 2.60350037e+02
    5.74805725e+02 2.60452972e+02 4.74213196e+02 2.76506317e+02
    4.90745148e+02 2.76820404e+02 5.07433533e+02 2.76966034e+02
    5.23964111e+02 2.77169281e+02 5.40895203e+02 2.77505463e+02
    5.57656128e+02 2.77666656e+02 5.74633667e+02 2.77947510e+02
    4.68416534e+02 1.94083054e+02 4.94319153e+02 1.94162216e+02
    5.19806885e+02 1.94687408e+02 5.45331482e+02 1.94954590e+02
    5.70779785e+02 1.95461563e+02 5.96214844e+02 1.95678162e+02
    6.21512268e+02 1.96071289e+02 4.68228668e+02 2.19914658e+02
    4.93732147e+02 2.20258484e+02 5.19412415e+02 2.20536682e+02
    5.44863037e+02 2.20848846e+02 5.70409058e+02 2.21089615e+02
    5.95593811e+02 2.21530579e+02 6.21090759e+02 2.21799057e+02
    4.67624756e+02 2.45643173e+02 4.93524597e+02 2.45912643e+02
    5.19066101e+02 2.46211823e+02 5.44503662e+02 2.46495377e+02
    5.70009644e+02 2.46990143e+02 5.95262268e+02 2.47311264e+02
    6.20545776e+02 2.47526886e+02 4.67440491e+02 2.71407288e+02
    4.93120056e+02 2.71853546e+02 5.18650452e+02 2.71848297e+02
    5.44008423e+02 2.72470154e+02 5.69506836e+02 2.72648285e+02
    5.94730408e+02 2.73006195e+02 6.20215820e+02 2.73306854e+02
    3.91166504e+02 1.92185440e+02 4.18804688e+02 1.92229431e+02
    4.46071869e+02 1.92754074e+02 4.73379822e+02 1.93091736e+02
    5.00622162e+02 1.93676468e+02 5.27813049e+02 1.93875793e+02
    5.54842102e+02 1.94317093e+02 3.90914368e+02 2.19712296e+02
